500.5	-2610.41	
80.5231	-272.856

80.5231	-272.856	
18.3485	-35.0373

18.3485	-35.0373	
6.3063	-5.30706

6.3063	-5.30706	
3.42445	-0.790851

3.42445	-0.790851	
2.78198	-0.0644372

2.78198	-0.0644372	
2.719	-0.0007184

2.719	-0.0007184	
2.71828	2e-07

0	0	
0	0

0	0	
0	0

0	0	
0	0

0	0	
0	0

0	0	
0	0

0	0	
0	0

0	0	
0	0

0	0	
0	0

0	0	
0	0

0	0	
0	0

0	0	
0	0

0	0	
0	0

0	0	
0	0

0	0	
0	0

0	0	
0	0

0	0	
0	0

0	0	
0	0

0	0	
0	0

0	0	
0	0

0	0	
0	0

0	0	
0	0

0	0	
0	0

0	0	
0	0

0	0	
0	0

0	0	
0	0

0	0	
0	0

0	0	
0	0

0	0	
0	0

0	0	
0	0

0	0	
0	0

0	0	
0	0

0	0	
0	0

0	0	
0	0

0	0	
0	0

0	0	
0	0

0	0	
0	0

0	0	
0	0

0	0	
0	0

0	0	
0	0

0	0	
0	0

0	0	
0	0

0	0	
0	0

0	0	
0	0

0	0	
0	0

0	0	
0	0

0	0	
0	0

0	0	
0	0

0	0	
0	0

0	0	
0	0

0	0	
0	0

0	0	
0	0

0	0	
0	0

0	0	
0	0

0	0	
0	0

0	0	
0	0

0	0	
0	0

0	0	
0	0

0	0	
0	0

0	0	
0	0

0	0	
0	0

0	0	
0	0

0	0	
0	0

0	0	
0	0

0	0	
0	0

0	0	
0	0

0	0	
0	0

0	0	
0	0

0	0	
0	0

0	0	
0	0

0	0	
0	0

0	0	
0	0

0	0	
0	0

0	0	
0	0

0	0	
0	0

0	0	
0	0

0	0	
0	0

0	0	
0	0

0	0	
0	0

0	0	
0	0

0	0	
0	0

0	0	
0	0

0	0	
0	0

0	0	
0	0

0	0	
0	0

0	0	
0	0

0	0	
0	0

0	0	
0	0

0	0	
0	0

0	0	
0	0

0	0	
0	0

0	0	
0	0

0	0	
0	0

0	0	
0	0

