1	1	
100	-360.517

1.27384	0.96552	
100	-360.517

1.53754	0.87612	
100	-360.517

1.77624	0.75579	
100	-360.517

1.98172	0.62629	
100	-360.517

2.1517	0.50294	
100	-360.517

2.28802	0.39426	
100	-360.517

2.39476	0.30346	
100	-360.517

2.47685	0.23038	
100	-360.517

2.53914	0.1731	
100	-360.517

2.58591	0.1291	
100	-360.517

2.62078	0.09573	
100	-360.517

2.64663	0.0707	
100	-360.517

2.66573	0.05204	
100	-360.517

2.67978	0.03823	
100	-360.517

2.6901	0.02804	
100	-360.517

2.69767	0.02053	
100	-360.517

2.70321	0.01503	
100	-360.517

2.70728	0.01098	
100	-360.517

2.71025	0.00802	
100	-360.517

2.71243	0.00585	
100	-360.517

2.71401	0.00427	
100	-360.517

2.71517	0.00311	
100	-360.517

2.71602	0.00226	
100	-360.517

2.71663	0.00165	
100	-360.517

2.71707	0.00121	
100	-360.517

2.7174	0.00088	
100	-360.517

2.71764	0.00064	
100	-360.517

2.71781	0.00047	
100	-360.517

2.71793	0.00035	
100	-360.517

2.71803	0.00025	
100	-360.517

2.7181	0.00018	
100	-360.517

2.71815	0.00013	
100	-360.517

0	0	
0	0

0	0	
0	0

0	0	
0	0

0	0	
0	0

0	0	
0	0

0	0	
0	0

0	0	
0	0

0	0	
0	0

0	0	
0	0

0	0	
0	0

0	0	
0	0

0	0	
0	0

0	0	
0	0

0	0	
0	0

0	0	
0	0

0	0	
0	0

0	0	
0	0

0	0	
0	0

0	0	
0	0

0	0	
0	0

0	0	
0	0

0	0	
5.80039e-41	0

0	0	
0	0

0	0	
0	0

0	0	
0	0

0	0	
0	0

0	0	
0	0

0	0	
0	0

0	0	
0	0

0	0	
0	0

0	0	
0	0

0	0	
0	0

0	0	
0	0

0	0	
0	0

0	0	
0	0

0	0	
0	0

0	0	
0	0

0	0	
0	0

0	0	
0	0

0	0	
0	0

0	0	
0	0

0	0	
0	0

0	0	
0	0

0	0	
0	0

0	0	
0	0

0	0	
0	0

0	0	
0	0

0	0	
0	0

0	0	
0	0

0	0	
0	0

0	0	
0	0

0	0	
0	0

0	0	
0	0

0	0	
0	0

0	0	
0	0

0	0	
0	0

0	0	
0	0

0	0	
0	0

0	0	
0	0

0	0	
0	0

0	0	
0	0

0	0	
0	0

0	0	
0	0

0	0	
0	0

0	0	
0	0

0	0	
0	0

0	0	
0	0

